Script to make a random combination of vials for the experiment
> sample(1:48, replace = F)


# Rep 1
1-48 in order

# Rep 2
Top row:     1 30 21 35  4 28 23 
Middle row:  2 10  9 39  7 18 46 48 31 14 24  8 26 36 20 32 40 22 37 15 
Bottom row: 27 43 25  6  3 13 11 16  5 38 12 47 33 45 42 44 19 17 29 34


# Rep 3
Top:	  7 43 27 45 19 22 26  5
Middle:  35 29 24 34 18 13 48 37 28 16  4 44 12 32 25  9 42 21 31 23
Bottom:  46 33  6 30 40  3 47 14  8 36  1 39 11 17 20 41 38 10  2 15

# Rep 4

top: 	10 15 44 13 36 17 28 25
middle: 12 48  2  3  4 33 40 14 45 38 46 42 16  8 34 32 20  9 11 24
bottom: 5 29 18  1 27 47 30 37 35 31 22 26 43 21  7 19 41  6 39 23


# Rep 5
 
top: 	22  8 25 31 38 10 32 48
middle: 37 30 24 19 40 27  2 15  1 42 26 13 39 47 35 41 46 44  5 18
bottom: 16 11 36 17 45 28 20 21 33  4  6 14  7 34 12 23  3 43 29  9 

# Rep 6
top:	 30 6 20 16 37 42 31 46middle: 39 11 17 8 3 9 7 25 12 29 | 27 10 2 24 15 47 22 28 13 23bottom: 35 43 44 21 19 33 40 14 41 |18 4 45 32 5 36 26 1 48 34 38

# Rep 7

top: 	26 47 22  6 14 41 16 27middle: 32 34 15 46 36 30 35 21 9  8 |20 29  5 17  4  2 11 33 19 45bottom: 40 43 48  3 18  1 42 28 39 23|13 25  7 31 37 24 44 12 38 10

